"V1" "V2" "V3" "V4" "V5" "V6"
"1" 0.000536411946080202 0.000536411946080202 0.000536411946080202 0.870713047665963 0.0828747096667778 0.0448030068290184
"2" 0.000209115628417034 0.000209115628417034 0.000209115628417034 0.945714204110527 0.0317568772357187 0.0219015717685028
"3" 0.000202406962761585 0.000202406962761585 0.000202406962761585 0.947114031729858 0.0312438636407919 0.0210348837410651
"4" 0.000139562439422989 0.000139562439422989 0.000139562439422989 0.961034974845071 0.0238718126150264 0.0146745252216336
"5" 0.000170255569508877 0.000170255569508877 0.000170255569508877 0.953599722554128 0.0283149568936796 0.0175745538436663
"6" 0.000236871732634315 0.000236871732634315 0.000236871732634315 0.933937429149059 0.0397307377530006 0.0256212179000378
"7" 0.000157362932257365 0.000157362932257365 0.000157362932257365 0.956388900800298 0.0269408461281831 0.0161981642747464
"8" 0.000193980966925392 0.000193980966925392 0.000193980966925392 0.946063734622782 0.0338213130313883 0.019533009445054
"9" 0.000202293962157357 0.000202293962157357 0.000202293962157357 0.943744331015786 0.0339449066072838 0.0217038804904577
"10" 0.000137886868112517 0.000137886868112517 0.000137886868112517 0.959792589175528 0.0254901009573896 0.014303649262745
"11" 0.000249304179284318 0.000249304179284318 0.000249304179284318 0.928893794006373 0.0432355462219937 0.0271227472337807
"12" 0.000186289715448011 0.000186289715448011 0.000186289715448011 0.944864625180671 0.0356113022803959 0.0189652033925888
"13" 0.000230800418208373 0.000230800418208373 0.000230800418208373 0.934575351425507 0.0397143076814609 0.0250179396384067
"14" 0.000190053477017421 0.000190053477017421 0.000190053477017421 0.944938268934288 0.0351881556249781 0.0193034150096813
"15" 0.000258026649941454 0.000258026649941454 0.000258026649941454 0.924208637890551 0.0490192734895614 0.0259980086700628
"16" 0.000203328670202566 0.000203328670202566 0.000203328670202566 0.940754504979822 0.0378708173152896 0.0207646916942808
"17" 0.000234904963757748 0.000234904963757748 0.000234904963757748 0.92941224615801 0.0464977085564177 0.0233853303942995
"18" 0.000603294885522357 0.000603294885522357 0.000603294885522357 0.836974013234681 0.108500290772146 0.0527158113366052
"19" 0.000224205068927233 0.000224205068927233 0.000224205068927233 0.935668034952259 0.0432784268309428 0.0203809230100168
"20" 0.000114368938808984 0.000114368938808984 0.000114368938808984 0.96577263624705 0.0216145405869378 0.012269716349585
"21" 0.000141725949121866 0.000141725949121866 0.000141725949121866 0.957154673871678 0.0275187355429912 0.0149014127379653
"22" 0.000647521021648328 0.000647521021648328 0.000647521021648328 0.833699694646962 0.111500656334634 0.0528570859534589
"23" 0.000165246150875122 0.000165246150875122 0.000165246150875122 0.949275436369981 0.0332615980212204 0.0169672271561728
"24" 0.000164452922100198 0.000164452922100198 0.000164452922100198 0.950076210070567 0.0323726352785228 0.0170577958846095
"25" 7.8442638317409e-05 7.8442638317409e-05 7.8442638317409e-05 0.976931762635057 0.0147685457471982 0.00806436370279249
"26" 0.000134627690130181 0.000134627690130181 0.000134627690130181 0.959407842387971 0.02612326610408 0.0140650084375584
"27" 7.17654643053509e-05 7.17654643053509e-05 7.17654643053509e-05 0.978372591683844 0.0136477101814402 0.0077644017418003
"28" 0.000143338205180371 0.000143338205180371 0.000143338205180371 0.957116457446987 0.027492268934336 0.0149612590031359
"29" 0.000232887387001691 0.000232887387001691 0.000232887387001691 0.929712364492859 0.0456413012592392 0.0239476720868972
"30" 9.38130016583536e-05 9.38130016583536e-05 9.38130016583536e-05 0.971593851040991 0.0182059011567808 0.00991880879725283
"31" 0.000209131509735818 0.000209131509735818 0.000209131509735818 0.935558796194881 0.0424730097462755 0.0213407995296356
"32" 0.000192641085807313 0.000192641085807313 0.000192641085807313 0.942194357784158 0.0378466745463286 0.0193810444120914
"33" 0.000141428351660221 0.000141428351660221 0.000141428351660221 0.956631018303274 0.0281836594094749 0.0147610372322707
"34" 0.000265163466671719 0.000265163466671719 0.000265163466671719 0.919843558494497 0.0523062786300959 0.0270546724753915
"35" 0.000179473121504361 0.000179473121504361 0.000179473121504361 0.943711515647718 0.0373951754147829 0.0183548895729854
"36" 6.03545760310103e-05 6.03545760310103e-05 6.03545760310103e-05 0.981460852417325 0.0120156243217156 0.00634245953286672
"37" 0.000214188576749127 0.000214188576749127 0.000214188576749127 0.93552748654055 0.0413992631730105 0.0224306845561925
"38" 0.000159993556787489 0.000159993556787489 0.000159993556787489 0.949642924424153 0.033062546529944 0.0168145483755405
"39" 0.000596049483213688 0.000596049483213688 0.000596049483213688 0.825811751357942 0.123382358911046 0.0490177412813709
"40" 0.000596049483213688 0.000596049483213688 0.000596049483213688 0.825811751357942 0.123382358911046 0.0490177412813709
"41" 0.00017494134395404 0.00017494134395404 0.00017494134395404 0.944758662846511 0.0368217738865256 0.0178947392351012
"42" 0.00019266967056191 0.00019266967056191 0.00019266967056191 0.939970333511777 0.0397200144721493 0.0197316430043874
"43" 5.28788946753798e-05 5.28788946753798e-05 5.28788946753798e-05 0.98339537380545 0.0107760963444915 0.00566989316603204
"44" 0.00052323154242586 0.00052323154242586 0.00052323154242586 0.83458148668657 0.119721050566799 0.0441277681193533
"45" 0.000171747252336311 0.000171747252336311 0.000171747252336311 0.944973349782007 0.0367213556645229 0.017790052796461
"46" 0.000162773718467634 0.000162773718467634 0.000162773718467634 0.947109075882604 0.0352394434053327 0.0171631595566603
"47" 6.60054673226629e-05 6.60054673226629e-05 6.60054673226629e-05 0.978361622187558 0.0145406138214559 0.00689974758901795
"48" 0.00060638248575312 0.00060638248575312 0.00060638248575312 0.807304256608958 0.140931692799649 0.0499449031341334
"49" 0.00052992556721346 0.00052992556721346 0.00052992556721346 0.813156987952415 0.141297382417256 0.0439558529286885
"50" 0.000114882855650876 0.000114882855650876 0.000114882855650876 0.962285130903972 0.0250193582040218 0.0123508623250531
"51" 0.000639223991089343 0.000639223991089343 0.000639223991089343 0.784486932329716 0.161996673118408 0.0515987225786087
"52" 0.00010718949110345 0.00010718949110345 0.00010718949110345 0.962224319197375 0.0261146808048579 0.0113394315244566
"53" 5.10885343226252e-05 5.10885343226252e-05 5.10885343226252e-05 0.980896521583031 0.0134313510672746 0.00551886174672672
"54" 7.22869319443642e-05 7.22869319443642e-05 7.22869319443642e-05 0.97214120920738 0.0197751901031052 0.00786673989368207
"55" 6.80237378255811e-05 6.80237378255811e-05 6.80237378255811e-05 0.974125793583392 0.0183349890822832 0.00733514612084791
"56" 0.000371694155094151 0.000371694155094151 0.000371694155094151 0.859960454906763 0.100652536660826 0.0382719259671284
"57" 0.000147334786141115 0.000147334786141115 0.000147334786141115 0.956586164121139 0.0274917124477685 0.0154801190726687
"58" 0.000137695173604676 0.000137695173604676 0.000137695173604676 0.958640323410203 0.0264099899738073 0.0145366010951758
"59" 0.000194072299350782 0.000194072299350782 0.000194072299350782 0.948629789351124 0.0308978022987428 0.0198901914520812
"60" 0.000121871327922972 0.000121871327922972 0.000121871327922972 0.965858269131047 0.0211575290215826 0.0126185878636019
"61" 0.000110390374260335 0.000110390374260335 0.000110390374260335 0.967469479445751 0.0219428520540028 0.0102564973774654
"62" 0.00029830934092487 0.00029830934092487 0.00029830934092487 0.915604283226128 0.0548681803852567 0.0286326083658406
"63" 0.000430362679980039 0.000430362679980039 0.000430362679980039 0.865352603027696 0.095621726356437 0.037734582575927
"64" 0.000684507433359919 0.000684507433359919 0.000684507433359919 0.798490711086963 0.143391229391722 0.0560645372212356
"65" 0.00036910499376477 0.00036910499376477 0.00036910499376477 0.878357385072405 0.0882384504286408 0.0322968495176601
"66" 0.00028606394712351 0.00028606394712351 0.00028606394712351 0.906878582769187 0.0664890355907386 0.0257741897987037
"67" 0.000415251932285553 0.000415251932285553 0.000415251932285553 0.849927053793745 0.112980242044955 0.0358469483644433
"68" 0.000403406799221645 0.000403406799221645 0.000403406799221645 0.853809513034961 0.110242172858138 0.0347380937092364
"69" 0.000381610001548597 0.000381610001548597 0.000381610001548597 0.86006032122562 0.105160994477184 0.0336338542925501
"70" 0.000533034570477647 0.000533034570477647 0.000533034570477647 0.796368844775022 0.157507945399228 0.0445241061143171
"71" 0.00074339291301518 0.00074339291301518 0.00074339291301518 0.835558624816493 0.0889268083117224 0.0732843881327388
"72" 0.000262187387245454 0.000262187387245454 0.000262187387245454 0.929765565198985 0.0424449743148146 0.0270028983244641
"73" 0.000240198037985307 0.000240198037985307 0.000240198037985307 0.935422594809836 0.0376917828533594 0.0261650282228488
"74" 0.000176449327238464 0.000176449327238464 0.000176449327238464 0.952047393162207 0.0281020324868855 0.019321226369192
"75" 0.000232752589034037 0.000232752589034037 0.000232752589034037 0.936180262930445 0.0374441378888796 0.0256773414135738
"76" 0.000220687844113559 0.000220687844113559 0.000220687844113559 0.939329736151133 0.0359933966774394 0.0240148036390869
"77" 0.000161136561701575 0.000161136561701575 0.000161136561701575 0.955314651838653 0.0261483834345518 0.0180535550416906
"78" 0.000176366357683104 0.000176366357683104 0.000176366357683104 0.950757376425713 0.0295142246084067 0.0191992998928308
"79" 0.000182219632660597 0.000182219632660597 0.000182219632660597 0.952063494412072 0.0289160570333802 0.0184737896565662
"80" 0.000253167529405928 0.000253167529405928 0.000253167529405928 0.928698842385995 0.0417422823178241 0.0287993727079632
"81" 0.000280918661599874 0.000280918661599874 0.000280918661599874 0.920636562704269 0.0458495049983366 0.0326711763125952
"82" 0.000197876116061513 0.000197876116061513 0.000197876116061513 0.945939212125605 0.0320284334310485 0.0214387260951616
"83" 0.000128696480807662 0.000128696480807662 0.000128696480807662 0.963892214202737 0.0217348931808066 0.0139868031740332
"84" 0.000157390173568124 0.000157390173568124 0.000157390173568124 0.955381010386445 0.0266434039432312 0.0175034151496195
"85" 0.000621250159995915 0.000621250159995915 0.000621250159995915 0.833274250125053 0.0786019256478836 0.0862600737470755
"86" 0.000100960809594042 0.000100960809594042 0.000100960809594042 0.97154410265918 0.017580456965539 0.0105725579464992
"87" 0.000175758890987764 0.000175758890987764 0.000175758890987764 0.95191663584965 0.0296672273876599 0.0178888600897266
"88" 0.000114895888252451 0.000114895888252451 0.000114895888252451 0.967230946084112 0.0195107965000242 0.0129135697511067
"89" 0.00014673642585848 0.00014673642585848 0.00014673642585848 0.958066746062254 0.0255462875260845 0.0159467571340862
"90" 0.000321651904369987 0.000321651904369987 0.000321651904369987 0.908954566453473 0.0550703579641807 0.0350101198692364
"91" 0.000221933096793345 0.000221933096793345 0.000221933096793345 0.93087173576821 0.0459511088901654 0.0225113560512445
"92" 0.000145407432875413 0.000145407432875413 0.000145407432875413 0.957610622606508 0.0268640207580074 0.0150891343368583
"93" 0.000153551636310892 0.000153551636310892 0.000153551636310892 0.955631586345592 0.0292576977368316 0.0146500610086437
"94" 9.80301361985572e-05 9.80301361985572e-05 9.80301361985572e-05 0.971435060462939 0.0180612655077834 0.010209583620682
"95" 0.000219366439191087 0.000219366439191087 0.000219366439191087 0.93467542548798 0.0407743698757679 0.0238921053186785
"96" 7.34614771434114e-05 7.34614771434114e-05 7.34614771434114e-05 0.977214642181717 0.0146431226407722 0.00792185074608046
"97" 0.000197473870971195 0.000197473870971195 0.000197473870971195 0.935067025970518 0.0443340401706101 0.0200065122459585
"98" 0.000412310113369494 0.000412310113369494 0.000412310113369494 0.864633855323424 0.0932197223850752 0.0409094919513923
"99" 0.0001930993924128 0.0001930993924128 0.0001930993924128 0.933729754698856 0.0431528728486997 0.0225380742752057
"100" 6.71635371138494e-05 6.71635371138494e-05 6.71635371138494e-05 0.976048866589444 0.0162693947938799 0.00748024800533491
"101" 0.000163270500591226 0.000163270500591226 0.000163270500591226 0.941431781538261 0.0402794268852307 0.0177989800747343
"102" 0.000295940038383015 0.000295940038383015 0.000295940038383015 0.877235529465531 0.0883314362823689 0.0335452141369506
"103" 0.000446580930912298 0.000446580930912298 0.000446580930912298 0.824655847001135 0.132739578041402 0.0412648321647261
"104" 0.00125105651231842 0.00125105651231842 0.00125105651231842 0.46561525553847 0.44102671221937 0.0896048627052047
"105" 0.000825522416302029 0.000825522416302029 0.000825522416302029 0.609173444695217 0.318570072779884 0.0697799152759929
"106" 0.00040516929550264 0.00040516929550264 0.00040516929550264 0.0641000703904377 0.904399536164927 0.0302848855581277
"107" 0.00245019642079012 0.00245019642079012 0.00245019642079012 0.22696020448505 0.620402158881052 0.145287047371528
"108" 0.00241009232320989 0.00241009232320989 0.00241009232320989 0.173884766075646 0.716837991786506 0.102046965168219
"109" 0.000650026003954118 0.000650026003954118 0.000650026003954118 0.197963429869639 0.745627461664247 0.0544590304542519
"110" 0.000947198848689853 0.000947198848689853 0.000947198848689853 0.297357516545245 0.625511729307177 0.0742891576015084
"111" 0.00102589954207828 0.00102589954207828 0.00102589954207828 0.113811963398543 0.830817092715564 0.0522932452596577
"112" 0.00123988848562688 0.00123988848562688 0.00123988848562688 0.12647056866054 0.809290455346986 0.0605193105355934
"113" 0.000602640953721382 0.000602640953721382 0.000602640953721382 0.0761121856843558 0.88846492052415 0.03361497093033
"114" 0.000168569223020138 0.000168569223020138 0.000168569223020138 0.954513032803596 0.0276136610542351 0.0173675984731087
"115" 0.000222700704989579 0.000222700704989579 0.000222700704989579 0.939052333966942 0.0378368376813199 0.0224427262367698
"116" 0.000184212712326779 0.000184212712326779 0.000184212712326779 0.950363157038602 0.0303238766379147 0.0187603281865033
"117" 0.000197462877778147 0.000197462877778147 0.000197462877778147 0.946194808176007 0.032835698764897 0.0203771044257617
"118" 0.000288258943213687 0.000288258943213687 0.000288258943213687 0.923426331860205 0.0429669604338782 0.0327419308762762
"119" 0.00016929679599683 0.00016929679599683 0.00016929679599683 0.953254418664812 0.0275358798048069 0.0187018111423901
"120" 0.000160470206059026 0.000160470206059026 0.000160470206059026 0.955958725317749 0.0256659884847224 0.0178938755793516
"121" 0.00014352528836086 0.00014352528836086 0.00014352528836086 0.959173065820962 0.0253994835897119 0.0149968747242436
"122" 0.00020019193028444 0.00020019193028444 0.00020019193028444 0.94380073703778 0.0336425312408173 0.0219561559305492
"123" 0.00012590803893603 0.00012590803893603 0.00012590803893603 0.964563147229417 0.0215112875581952 0.01354784109558
"124" 0.000143782055778553 0.000143782055778553 0.000143782055778553 0.959565038081648 0.0236639155771192 0.0163397001738975
"125" 0.000118541891817527 0.000118541891817527 0.000118541891817527 0.965492265600158 0.0221306869016111 0.0120214218227782
"126" 0.000147025014293617 0.000147025014293617 0.000147025014293617 0.95605083455687 0.027904586522816 0.0156035038774331
"127" 0.000129458297355405 0.000129458297355405 0.000129458297355405 0.960949369290751 0.0253295370691244 0.0133327187480583
"128" 0.000378810695471198 0.000378810695471198 0.000378810695471198 0.807396347473231 0.149954839454453 0.0415123809859019
"129" 0.000310656249423396 0.000310656249423396 0.000310656249423396 0.84257927544196 0.120003062746365 0.0364856930634048
"130" 0.000666981919894749 0.000666981919894749 0.000666981919894749 0.482222449089153 0.445168240298962 0.0706083648522011
"131" 0.000527914089699812 0.000527914089699812 0.000527914089699812 0.277214306273117 0.670504025375203 0.0506979260825802
"132" 0.000531664601562605 0.000531664601562605 0.000531664601562605 0.0847126016647549 0.877806263957784 0.0358861405727729
"133" 0.000231264040733922 0.000231264040733922 0.000231264040733922 0.939830020903418 0.0360919023857184 0.0233842845886621
"134" 0.000323879664952529 0.000323879664952529 0.000323879664952529 0.915389877366585 0.0497321008029552 0.0339063828356026
"135" 0.000188369637550387 0.000188369637550387 0.000188369637550387 0.95013117263594 0.0302710601830524 0.0190326582683565
"136" 0.000200582768693397 0.000200582768693397 0.000200582768693397 0.944452051015681 0.0345450408430757 0.0204011598351636
"137" 0.000212680261473182 0.000212680261473182 0.000212680261473182 0.94111512185909 0.037270970133189 0.0209758672233014
"138" 0.00020009769886031 0.00020009769886031 0.00020009769886031 0.944033998077035 0.0339173202456483 0.0214483885807356
"139" 0.00030345449098806 0.00030345449098806 0.00030345449098806 0.91737752225817 0.0491573606055822 0.0325547536632836
"140" 0.00024185146109467 0.00024185146109467 0.00024185146109467 0.933028876338351 0.0399821271850148 0.0262634420933506
"141" 0.000129510031882125 0.000129510031882125 0.000129510031882125 0.963020790029212 0.0219481021327503 0.0146425777423913
"142" 0.000124858494297608 0.000124858494297608 0.000124858494297608 0.964028443668444 0.0228316801451792 0.0127653007034836
"143" 0.000178363168014198 0.000178363168014198 0.000178363168014198 0.948131568498938 0.0319844613137424 0.019348880683277
"144" 0.000152098158989752 0.000152098158989752 0.000152098158989752 0.955384108819753 0.0269216538376589 0.0172379428656192
"145" 8.7769936220834e-05 8.7769936220834e-05 8.7769936220834e-05 0.970199779453766 0.0202261728979269 0.00931073783964498
"146" 0.000178823106915298 0.000178823106915298 0.000178823106915298 0.945843170964936 0.035130645035744 0.0184897146785738
"147" 0.000123581916915223 0.000123581916915223 0.000123581916915223 0.96503301985664 0.0232091389800329 0.0113870954125816
"148" 8.04254927866283e-05 8.04254927866283e-05 8.04254927866283e-05 0.976542363834322 0.0146402304528223 0.00857612923449585
"149" 8.31371233958018e-05 8.31371233958018e-05 8.31371233958018e-05 0.97542315216666 0.0155485205051237 0.0087789159580291
"150" 0.000344177234548317 0.000344177234548317 0.000344177234548317 0.896679032568891 0.0668884385402826 0.0353999971871814
"151" 0.000106337251673587 0.000106337251673587 0.000106337251673587 0.967809919458319 0.0199363089431458 0.0119347598435143
"152" 0.00063586370889926 0.00063586370889926 0.00063586370889926 0.821721019968039 0.124085519223145 0.0522858696821182
"153" 0.000234260711135358 0.000234260711135358 0.000234260711135358 0.931623025250878 0.0475107786237564 0.0201634139919594
"154" 6.46404143043364e-05 6.46404143043364e-05 6.46404143043364e-05 0.980814906278236 0.0119999855131425 0.00699118696570892
"155" 0.00014237789664742 0.00014237789664742 0.00014237789664742 0.95509002749599 0.0296422645176965 0.0148405742963709
"156" 9.28764862202754e-05 9.28764862202754e-05 9.28764862202754e-05 0.971180263923846 0.0189228270455633 0.00961827957192943
"157" 3.87750704470644e-05 3.87750704470644e-05 3.87750704470644e-05 0.987819808911556 0.00797539040310984 0.00408847547399305
"158" 0.000540231345394021 0.000540231345394021 0.000540231345394021 0.833979819390174 0.119354241235795 0.0450452453378499
"159" 0.000116073615893253 0.000116073615893253 0.000116073615893253 0.962866989400307 0.0240599167682049 0.0127248729838085
"160" 0.000138338233498182 0.000138338233498182 0.000138338233498182 0.955192003687598 0.0290347535643477 0.0153582280475598
"161" 0.000106656095524376 0.000106656095524376 0.000106656095524376 0.963769663684362 0.0243302462817736 0.011580121747291
"162" 0.000162595569662775 0.000162595569662775 0.000162595569662775 0.950985233040002 0.0337398023769108 0.0147871778740986
"163" 0.000553721467377898 0.000553721467377898 0.000553721467377898 0.845757645840328 0.102715520208972 0.0498656695485668
"164" 0.00235880609991852 0.00235880609991852 0.00235880609991852 0.469019439715672 0.169851828935754 0.354052313048819
"165" 0.000499183318483522 0.000499183318483522 0.000499183318483522 0.658499933573266 0.283567636650322 0.0564348798209615
"166" 0.000665726568224525 0.000665726568224525 0.000665726568224525 0.293215103223679 0.647011081730041 0.0577766353416063
"167" 0.000817730852917493 0.000817730852917493 0.000817730852917493 0.269470464375397 0.661150754947651 0.0669255881181994
"168" 0.000457906785295412 0.000457906785295412 0.000457906785295412 0.136494612480017 0.822002604499923 0.0401290626641744
"169" 0.000857950147610082 0.000857950147610082 0.000857950147610082 0.36136676191519 0.535030471100633 0.101028916541347
"170" 0.000417465468042728 0.000417465468042728 0.000417465468042728 0.143226374389091 0.815063344089172 0.0404578851176082
"171" 0.000178679461769146 0.000178679461769146 0.000178679461769146 0.044703606908534 0.939780332339765 0.0149800223663933
"172" 7.45956843926108e-06 7.45956843926108e-06 7.45956843926108e-06 0.000739358483654486 0.000521131951305852 0.998717130859722
"173" 3.26981439344734e-06 3.26981439344734e-06 3.26981439344734e-06 0.000331354988661081 0.00023145993318946 0.999427375634969
"174" 0.000128383760061837 0.000128383760061837 0.000128383760061837 0.029638902016313 0.959707563845908 0.0102683828575932
"175" 0.000557379960818663 0.000557379960818663 0.000557379960818663 0.670727145986071 0.255044558242383 0.0725561558890899
"176" 0.000434981089168768 0.000434981089168768 0.000434981089168768 0.165445859740749 0.79484055435137 0.038408642640375
"177" 0.000287883633371437 0.000287883633371437 0.000287883633371437 0.873268338046752 0.0973290716345886 0.0285389394185451
"178" 0.000304327959352037 0.000304327959352037 0.000304327959352037 0.855536660532879 0.11489875565475 0.0286515999343145
"179" 0.000350524990966436 0.000350524990966436 0.000350524990966436 0.862545126495025 0.100812529493268 0.0355907690388081
"180" 0.000276982732906827 0.000276982732906827 0.000276982732906827 0.882750272838156 0.088190913758782 0.0282278652043412
"181" 0.000938863064673264 0.000938863064673264 0.000938863064673264 0.753401877311111 0.152581827065562 0.0911997064293073
"182" 0.000894323399578494 0.000894323399578494 0.000894323399578494 0.540598754455059 0.367251306506177 0.0894669688400288
"183" 0.00073766829380251 0.00073766829380251 0.00073766829380251 0.274615722227123 0.653296020040734 0.0698752528507351
"184" 0.000880820836615244 0.000880820836615244 0.000880820836615244 0.274910393156361 0.65221458987911 0.0702325544546833
"185" 0.00309062073408046 0.00309062073408046 0.00309062073408046 0.503985056683704 0.270551829760085 0.21619125135397
"186" 0.00155936532148834 0.00155936532148834 0.00155936532148834 0.644411865833943 0.13074426137197 0.220165776829623
"187" 0.00171393342691131 0.00171393342691131 0.00171393342691131 0.617737411321971 0.14034429717699 0.236776491220305
"188" 5.98750924284966e-05 5.98750924284966e-05 5.98750924284966e-05 0.980340031269215 0.0130406309878438 0.00643971246565562
"189" 0.00115514219980034 0.00115514219980034 0.00115514219980034 0.59850423924087 0.264886843187408 0.13314349097232
"190" 0.00159304531363703 0.00159304531363703 0.00159304531363703 0.598067106064417 0.237811790181536 0.159341967813136
"191" 0.000381778007554724 0.000381778007554724 0.000381778007554724 0.855799377801036 0.101910060368127 0.041145227808173
"192" 0.00122173833931415 0.00122173833931415 0.00122173833931415 0.552087687034317 0.310033456822948 0.134213641124792
"193" 0.00114025357269079 0.00114025357269079 0.00114025357269079 0.525891582495779 0.342768414186121 0.127919242600028
"194" 0.0013082199134934 0.0013082199134934 0.0013082199134934 0.554170493341828 0.299923886747761 0.141980960169932
"195" 0.00128215632294736 0.00128215632294736 0.00128215632294736 0.557524601355471 0.300466124474484 0.138162805201202
"196" 0.00110947037448336 0.00110947037448336 0.00110947037448336 0.524858886009571 0.346029518440784 0.125783184426196
"197" 0.0010193694314379 0.0010193694314379 0.0010193694314379 0.489289905420703 0.392203102809258 0.115448883475726
"198" 0.00116530941281375 0.00116530941281375 0.00116530941281375 0.54202136651029 0.327152394863237 0.127330310388032
"199" 0.00112389336376356 0.00112389336376356 0.00112389336376356 0.525493894618619 0.343637888868598 0.127496536421493
"200" 0.00124519564914011 0.00124519564914011 0.00124519564914011 0.543048843560922 0.313910774380519 0.139304795111139
"201" 0.00135466517647501 0.00135466517647501 0.00135466517647501 0.567650783952568 0.282025614666893 0.146259605851113
"202" 0.00162465338053976 0.00162465338053976 0.00162465338053976 0.418061329163834 0.341618519229121 0.235446191465425
"203" 0.00131767690852561 0.00131767690852561 0.00131767690852561 0.566274521490557 0.28676115282007 0.143011294963796
"204" 0.00138623001470843 0.00138623001470843 0.00138623001470843 0.560172702164593 0.285753767082267 0.149914840709015
"205" 0.0012412973005759 0.0012412973005759 0.0012412973005759 0.55546412801243 0.305603131590379 0.135208848495463
"206" 0.00132167065381316 0.00132167065381316 0.00132167065381316 0.551099459313936 0.304592044600181 0.140343484124444
"207" 0.0012875719686307 0.0012875719686307 0.0012875719686307 0.552030017570386 0.307190640920297 0.136916625603425
"208" 0.00200460522971565 0.00200460522971565 0.00200460522971565 0.483871568175464 0.220502041847144 0.289612574288245
"209" 0.00108909195454001 0.00108909195454001 0.00108909195454001 0.488590902016486 0.387298914530836 0.120842907589059
"210" 0.00114854069056558 0.00114854069056558 0.00114854069056558 0.501083517698052 0.36083688470736 0.134633975522891
"211" 0.00136591742434645 0.00136591742434645 0.00136591742434645 0.557404447611495 0.291243788646739 0.147254011468727
"212" 0.00128963124864802 0.00128963124864802 0.00128963124864802 0.559300273912782 0.297609682099984 0.13922115024129
"213" 0.00128730956787195 0.00128730956787195 0.00128730956787195 0.559086837719237 0.300529674137188 0.136521559439959
"214" 0.00125131189639264 0.00125131189639264 0.00125131189639264 0.549069870500502 0.312025026995805 0.135151166814515
