"V1" "V2" "V3"
"1" 0.000819539971607626 0.997379420414712 0.0018010396136805
"2" 0.00698317027646942 0.977165566622895 0.0158512631006358
"3" 0.00583544993354308 0.981373271943335 0.0127912781231215
"4" 0.00956457219877435 0.968718926708738 0.021716501092488
"5" 0.00145917479512499 0.995367335433312 0.00317348977156268
"6" 0.0194599907957744 0.93723774237443 0.0433022668297957
"7" 0.00606850868276068 0.980581911832767 0.013349579484472
"8" 0.000139693582731769 0.999545331745897 0.000314974671371822
"9" 0.0205719517782572 0.933628458658129 0.0457995895636138
"10" 0.00501007109886215 0.983551873049005 0.0114380558521333
"11" 0.00937103666133185 0.970177417789652 0.0204515455490162
"12" 0.00244451087550574 0.99197653985971 0.00557894926478374
"13" 0.00850591586297537 0.972378406333457 0.0191156778035676
"14" 0.0234287594747784 0.927439687429725 0.0491315530954968
"15" 0.0348795841140536 0.896173756763788 0.0689466591221582
"16" 0.0510358032992825 0.848418680920503 0.100545515780214
"17" 0.0160694808130001 0.950469436131495 0.0334610830555053
"18" 0.000877385250400523 0.997183303397346 0.00193931135225363
"19" 0.0284396336705118 0.908507454936903 0.0630529113925856
"20" 0.00615159319070958 0.98046282517317 0.0133855816361202
"21" 0.00911136038205881 0.969538571515188 0.0213500681027529
"22" 0.00451396738763936 0.985494905090915 0.009991127521446
"23" 0.0124585078318998 0.962227003016851 0.0253144891512494
"24" 0.00624961837229108 0.978628753595723 0.0151216280319856
"25" 0.00977514809204802 0.966652785848243 0.0235720660597094
"26" 0.00767828839748754 0.974155974793416 0.0181657368090966
"27" 0.00177962426154528 0.994079017347673 0.00414135839078153
"28" 0.00188719701115774 0.993891324133957 0.00422147885488511
"29" 0.00169187980910771 0.994556348433435 0.00375177175745764
"30" 0.00609364840048307 0.979837971195908 0.0140683804036092
"31" 0.00628484043695027 0.979038197477117 0.0146769620859328
"32" 0.00747797051758252 0.975457857504106 0.0170641719783113
"33" 0.0187948586908444 0.942315981968253 0.0388891593409031
"34" 0.0300452143663628 0.909595100774287 0.0603596848593498
"35" 0.00501007109886215 0.983551873049005 0.0114380558521333
"36" 0.00415883546195894 0.986813313263282 0.00902785127475898
"37" 0.0104379387258862 0.967153542720609 0.0224085185535052
"38" 0.00501007109886215 0.983551873049005 0.0114380558521333
"39" 0.0179522358193361 0.942861055691074 0.0391867084895898
"40" 0.000488311518972096 0.998409229328637 0.00110245915239127
"41" 0.00134898649939644 0.99572301317503 0.00292800032557322
"42" 0.0442753283176405 0.857089968606102 0.098634703076257
"43" 0.0141337612716846 0.955316542803869 0.0305496959244462
"44" 0.00631790445477842 0.978994873864426 0.0146872216807952
"45" 0.0160642085833324 0.946208320131368 0.0377274712852997
"46" 0.00812060729132045 0.973391506750442 0.0184878859582377
"47" 0.00688156296833011 0.977985872509498 0.0151325645221718
"48" 0.00757046201499774 0.97562958128923 0.0167999566957722
"49" 0.00663935237905362 0.978841281743246 0.0145193658777004
"50" 0.00075207760676738 0.997568596226444 0.00167932616678902
"51" 0.42790294463264 0.046860002088188 0.525237053279172
"52" 0.152556496797382 0.0272765345865197 0.820166968616098
"53" 0.503155111260925 0.0346686188831034 0.462176269855971
"54" 0.0806862454334618 0.0570084733858274 0.862305281180711
"55" 0.146851540316004 0.02118837352772 0.831960086156277
"56" 0.0205214431069331 0.00696096537891791 0.972517591514149
"57" 0.218253102185489 0.0285805145641532 0.753166383250358
"58" 0.127917592218906 0.303187204621817 0.568895203159276
"59" 0.184255502720098 0.0294354768377835 0.786309020442118
"60" 0.0953850287972226 0.0859048465477012 0.818710124655076
"61" 0.139841550258177 0.232735306967959 0.627423142773864
"62" 0.0290637551979321 0.0112076978288747 0.959728546973193
"63" 0.0965966169194172 0.0612870610490828 0.8421163220315
"64" 0.0498056982131899 0.00878271084846055 0.941411590938349
"65" 0.0940011096478152 0.106397501549681 0.799601388802504
"66" 0.213496810413172 0.040972438001458 0.74553075158537
"67" 0.0457070504099671 0.0148569092912078 0.939436040298825
"68" 0.0541137541845461 0.033807179679487 0.912079066135967
"69" 0.103015352013178 0.0247531171635123 0.872231530823309
"70" 0.0747429317700599 0.0625739027418959 0.862683165488044
"71" 0.181084318019339 0.0257242207858874 0.793191461194774
"72" 0.0475610470930092 0.0237655889739542 0.928673363933037
"73" 0.18298327714123 0.0213093621884563 0.795707360670313
"74" 0.0551014093606109 0.0115400010782468 0.933358589561142
"75" 0.0786193013410317 0.0217997485505561 0.899580950108412
"76" 0.161624424594052 0.0323127235144553 0.806062851891493
"77" 0.348052832325046 0.0343602323874989 0.617586935287455
"78" 0.540191245537911 0.0256400399059142 0.434168714556175
"79" 0.0118614006255372 0.00280372601982151 0.985334873354641
"80" 0.104804764251291 0.144970393643597 0.750224842105112
"81" 0.0915324348937622 0.0902233748833999 0.818244190222838
"82" 0.101380926242445 0.118149748008237 0.780469325749318
"83" 0.0564160288210741 0.040394104870817 0.903189866308109
"84" 0.220549249083532 0.022116101952873 0.757334648963595
"85" 0.0746386141049122 0.0283800862302321 0.896981299664856
"86" 0.134587579828497 0.0312498943688641 0.834162525802639
"87" 0.317697013772451 0.0338973112704862 0.648405674957063
"88" 0.0902014132935528 0.0253330561271856 0.884465530579261
"89" 0.052834551646364 0.0317350892270069 0.915430359126629
"90" 0.0661131680511508 0.0468059510928629 0.887080880855986
"91" 0.0507127352034529 0.0238078385183872 0.92547942627816
"92" 0.0441908489565999 0.00895331461976241 0.946855836423638
"93" 0.0478921496483682 0.0301551031169262 0.921952747234706
"94" 0.128403186041204 0.286610683976883 0.584986129981913
"95" 0.0352273238680236 0.018508605999143 0.946264070132833
"96" 0.0437576918569111 0.0230027071628971 0.933239600980192
"97" 0.0303277181222605 0.0149675644319208 0.954704717445819
"98" 0.0361737318866413 0.0112744726667813 0.952551795446577
"99" 0.119748266823745 0.374135422098526 0.506116311077729
"100" 0.0347777215547277 0.0194429791398286 0.945779299305443
"101" 0.861417971820687 0.0177802297777457 0.120801798401568
"102" 0.264219494524475 0.028266255154169 0.707514250321356
"103" 0.980226549673172 0.00250961175469686 0.0172638385721313
"104" 0.753792648885965 0.0176450879525636 0.228562263161471
"105" 0.942774364764136 0.0058325923311708 0.0513930429046934
"106" 0.846664414135132 0.0274005678285667 0.125935018036301
"107" 0.152605981399747 0.0761830749876704 0.771210943612582
"108" 0.890714973418097 0.0163716063776199 0.0929134202042828
"109" 0.834481077900145 0.0159786824995333 0.149540239600322
"110" 0.895192419254801 0.0173589380274806 0.087448642717718
"111" 0.651046210831841 0.0225720841430812 0.326381705025078
"112" 0.628767064552486 0.0209816760276383 0.350251259419876
"113" 0.956577047926188 0.0040777446625245 0.0393452074112869
"114" 0.235232667409054 0.032903056919706 0.73186427567124
"115" 0.419623688425177 0.0399027355076839 0.540473576067139
"116" 0.774156645374956 0.0189464467681669 0.206896907856877
"117" 0.821870209618298 0.0129775032675682 0.165152287114134
"118" 0.796636972830093 0.0416467668733119 0.161716260296595
"119" 0.786955120538893 0.0411908637960413 0.171854015665066
"120" 0.194539000696916 0.0301011085417482 0.775359890761336
"121" 0.982468819878256 0.00208913915681582 0.0154420409649281
"122" 0.198622509446374 0.0319771788884157 0.76940031166521
"123" 0.813904535292758 0.034236761012248 0.151858703694994
"124" 0.257162984395278 0.0215542624528749 0.721282753151848
"125" 0.969044313610375 0.00334289306254853 0.0276127933270761
"126" 0.935394370380357 0.00881709761034857 0.0557885320092942
"127" 0.170969106682028 0.0180508106829647 0.810980082635007
"128" 0.221776631131989 0.0213631190355451 0.756860249832466
"129" 0.843742370716807 0.0127303915716836 0.143527237711509
"130" 0.891526303085355 0.0132694032255169 0.0952042936891283
"131" 0.897810579121717 0.0148515779512202 0.0873378429270629
"132" 0.789896696455466 0.0426541421118487 0.167449161432685
"133" 0.849539013477347 0.0128477994341079 0.137613187088545
"134" 0.309777507613553 0.0233791908528293 0.666843301533617
"135" 0.489325305391653 0.0334707619137879 0.477203932694559
"136" 0.872230864527212 0.0215295749499942 0.106239560522794
"137" 0.823623945685855 0.0191037996359471 0.157272254678198
"138" 0.784895077860101 0.0155274168977082 0.199577505242191
"139" 0.14912870952567 0.0188096665426496 0.83206162393168
"140" 0.934419852097884 0.00637267034719494 0.0592074775549208
"141" 0.947912450632947 0.00564168584635151 0.0464458635207013
"142" 0.798597776212586 0.0193567101343096 0.182045513653104
"143" 0.264219494524475 0.028266255154169 0.707514250321356
"144" 0.981639399545885 0.00228181167528584 0.0160787887788296
"145" 0.932591222166489 0.00827691973132438 0.0591318581021863
"146" 0.811615092739361 0.0161122966875834 0.172272610573056
"147" 0.344603523674595 0.0261851810791378 0.629211295246267
"148" 0.703086645015861 0.018489830591076 0.278423524393063
"149" 0.727346480801702 0.0253959099144841 0.247257609283813
"150" 0.286835929234203 0.0265114067086311 0.686652664057166
