"V1" "V2" "V3"
"1" 0.0385519647951954 0.838381532344958 0.123066502859846
"2" 0.0469017266410138 0.797067609901264 0.156030663457722
"3" 0.000236123703370365 0.999171216025097 0.000592660271532972
"4" 0.0629251366369647 0.821180380193556 0.115894483169479
"5" 0.00502852518638525 0.00193223588945999 0.993039238924155
"6" 0.0547969601750412 0.842080429614901 0.103122610210057
"7" 0.0124032913860713 0.960569336077903 0.027027372536026
"8" 0.0136919665241051 0.95663036857033 0.0296776649055652
"9" 0.0500515503295122 0.781125282708524 0.168823166961964
"10" 0.0500105956985593 0.781260727406673 0.168728676894767
"11" 0.0708030117982852 0.801401899713974 0.127795088487741
"12" 0.0102839186252951 0.96704804560279 0.022668035771915
"13" 0.0197080316411019 0.938740599396909 0.0415513689619893
"14" 0.00459082459609159 0.983195666590093 0.0122135088138156
"15" 0.0802042912716623 0.778342976931332 0.141452731797005
"16" 0.0169672532534411 0.946850099451397 0.0361826472951618
"17" 0.010418722735697 0.966607119191547 0.0229741580727557
"18" 0.00908581575606233 0.96578495475395 0.0251292294899881
"19" 0.110217503372641 0.70847686211897 0.181305634508389
"20" 0.0808018642953512 0.102704474531814 0.816493661172835
"21" 0.0342226735654102 0.0216971538767534 0.944080172557836
"22" 0.0222873669379596 0.0125736805683579 0.965138952493683
"23" 0.0562715146007863 0.748254395901215 0.195474089497998
"24" 0.0691215751752957 0.675573568805452 0.255304856019252
"25" 0.0804749657704203 0.101916759430587 0.817608274798993
"26" 0.0718510397243115 0.0777967203199344 0.850352239955754
"27" 0.000286230751778933 0.9990069097525 0.000706859495721544
"28" 0.0113703915207645 0.963713268310854 0.024916340168382
"29" 0.105170532315509 0.289005044167841 0.605824423516649
"30" 0.0563974849756888 0.74781400542515 0.195788509599161
"31" 0.0112540854819168 0.964076013441262 0.0246699010768215
"32" 0.0720962514024182 0.798191016487396 0.129712732110185
"33" 0.0837093972299789 0.578473035230151 0.337817567539871
"34" 0.00367949704840488 0.98774292457756 0.00857757837403518
"35" 0.0220890004890836 0.912158573900038 0.0657524256108789
"36" 0.105300132185476 0.306105205577813 0.588594662236712
"37" 0.0981620476872727 0.182353386120046 0.719484566192682
"38" 0.0177991789273874 0.930398800341545 0.0518020207310679
"39" 0.065890400139733 0.694535156416085 0.239574443444182
"40" 0.021556324292619 0.0110054413209325 0.967438234386449
"41" 0.0435482625887432 0.0323677041327051 0.924084033278552
"42" 0.0566706733210203 0.746818938991239 0.196510387687741
"43" 0.0220954935033383 0.912156082361684 0.0657484241349776
"44" 0.0317580578564824 0.0063012836112301 0.961940658532287
"45" 0.0998018962301319 0.195832299937669 0.704365803832199
"46" 0.0295176765782407 0.879501304063155 0.0909810193586048
"47" 0.0378029627494541 0.84128634004889 0.120910697201656
"48" 0.0864129124992977 0.558297697198688 0.355289390302015
"49" 0.0407258352876141 0.827290047113935 0.131984117598451
"50" 0.00631333168761656 0.979424310302434 0.0142623580099498
"51" 0.0045184601764696 0.983458264973151 0.0120232748503796
"52" 0.00737971503017682 0.976060461694091 0.0165598232757323
"53" 0.000126495799070203 0.999558457232946 0.000315046967983521
"54" 0.0340723888722646 0.897753589893863 0.0681740212338719
"55" 0.0409475893592222 0.826423809024946 0.132628601615832
"56" 0.012265721510149 0.953130186311376 0.0346040921784749
"57" 0.0936718094627146 0.49784229560411 0.408485894933176
"58" 0.0081465228331041 0.973676265333643 0.0181772118332525
"59" 0.0111943298251992 0.96426230057799 0.0245433695968112
"60" 0.884255016332582 0.00953498239916728 0.106210001268251
"61" 0.0320874183764361 0.00636284404652785 0.961549737577036
"62" 0.998742458993403 0.000147461689918383 0.00111007931667851
"63" 0.204421728513119 0.0205506123331737 0.775027659153707
"64" 0.987700141617553 0.00162005496945472 0.0106798034129929
"65" 0.92370920250312 0.012200566718699 0.0640902307781815
"66" 0.0357659515505182 0.00690677229726698 0.957327276152215
"67" 0.93932292230332 0.00559285694379255 0.0550842207528873
"68" 0.917701140724745 0.0072442047013965 0.0750546545738591
"69" 0.00963433773205435 0.00436763113471336 0.985998031133232
"70" 0.0300544131313716 0.00979245219016441 0.960153134678464
"71" 0.0939960236005928 0.156282621847272 0.749721354552135
"72" 0.979860796904798 0.00274582848433485 0.0173933746108674
"73" 0.991319605864138 0.000926761950052743 0.0077536321858093
"74" 0.0878034440067836 0.55555631655462 0.356640239438596
"75" 0.100163190628639 0.198472098332428 0.701364711038934
"76" 0.992515676891364 0.000956356680177192 0.00652796642845934
"77" 0.963561618711414 0.0052610199571172 0.0311773613314686
"78" 0.940586411490842 0.00548776249649827 0.0539258260126599
"79" 0.0205480349189303 0.00943955102665271 0.970012414054417
"80" 0.99604820969264 0.00043828629606959 0.00351350401129027
"81" 0.842214114809909 0.0299350167608686 0.127850868429223
"82" 0.005033985389542 0.00150466599701884 0.993461348613439
"83" 0.213729325162286 0.0215776497558965 0.764693025081818
"84" 0.90396691899474 0.00815922250047134 0.0878738585047886
"85" 0.886145259745754 0.00933416291667826 0.104520577337567
"86" 0.999105775009792 0.000104868217276088 0.000789356772931422
"87" 0.959540536064838 0.00384536556276714 0.0366140983723947
"88" 0.660777330063419 0.0204400631161852 0.318782606820396
"89" 0.0380784618011599 0.00753316208238787 0.954388376116452
"90" 0.246920479208829 0.0233406516817728 0.729738869109398
"91" 0.981627479173041 0.00189370095564152 0.016478819871317
"92" 0.999332987413708 7.84263809763039e-05 0.00058858620531576
"93" 0.957032275284609 0.00410579132741667 0.038861933387974
"94" 0.854387415266882 0.0269893353347056 0.118623249398412
"95" 0.913413814176149 0.0142029194270375 0.0723832663968132
"96" 0.10768001753039 0.371910342232877 0.520409640236733
"97" 0.237324753201537 0.0233653538118195 0.739309892986643
"98" 0.992119230260646 0.00100946624907609 0.00687130349027789
"99" 0.0831230113789451 0.0126966124806187 0.904180376140436
"100" 0.97682050049374 0.00320064984898312 0.0199788496572765
"101" 0.00270957435370782 0.000773490720326032 0.996516934925966
"102" 0.660893747061132 0.0204113806462522 0.318694872292616
"103" 0.997176264827135 0.00034741133979013 0.00247632383307514
"104" 0.983986676479373 0.00214654895489817 0.0138667745657285
"105" 0.0533420984629566 0.00953100730710377 0.93712689422994
"106" 0.880794096076631 0.0209746538074235 0.0982312501159453
"107" 0.918639426010703 0.00714969925091094 0.0742108747383859
"108" 0.971419285327512 0.00282573198166187 0.0257549826908263
"109" 0.877551488598364 0.0216821733557576 0.100766338045878
"110" 0.0333137292232205 0.00659144759257158 0.960094823184208
"111" 0.655575445376488 0.0205913503859221 0.323833204237589
"112" 0.891604259598602 0.0186577330261466 0.0897380073752511
"113" 0.340367451653311 0.0241170395534994 0.635515508793189
"114" 0.995797116336514 0.000525982980380275 0.0036769006831058
"115" 0.956498627384658 0.0064163304751481 0.0370850421401944
"116" 0.977376935808968 0.00311572324423132 0.0195073409468003
"117" 0.958972595658454 0.00390648849308958 0.037120915848456
"118" 0.911928206611627 0.014447581847416 0.0736242115409571
"119" 0.94210257284617 0.00887187600704689 0.0490255511467835
"120" 0.647553998816857 0.0208727643018605 0.331573236881283
"121" 0.230980358231198 0.0215655947064977 0.747454047062304
"122" 0.98337962022941 0.00183410215803124 0.0147862776125589
"123" 0.934714967619507 0.0101703254556085 0.0551147069248845
"124" 0.951507316039164 0.00725474985403595 0.0412379341068003
"125" 0.951002116008766 0.00733664622932486 0.0416612377619087
"126" 0.949411388834009 0.00761288773931587 0.0429757234266754
"127" 0.921286871567059 0.0127017231663266 0.0660114052666143
"128" 0.995002361520306 0.000547942124618016 0.00444969635507622
"129" 0.910244420335288 0.0148453945142813 0.0749101851504306
"130" 0.536759953872076 0.0238541565186691 0.439385889609255
"131" 0.205202524121097 0.0211853575111614 0.773612118367741
"132" 0.84084268084233 0.0121894985078362 0.146967820649833
"133" 0.672225598633345 0.0199431467763641 0.307831254590291
"134" 0.38739472091693 0.0245527482298208 0.588052530853249
"135" 0.118718640140285 0.0158543488162543 0.865427011043461
"136" 0.0130623969156193 0.00311290440551836 0.983824698678862
"137" 0.00288329186641369 0.000924400973852888 0.996192307159734
"138" 0.903806218402098 0.00813442616888447 0.0880593554290175
"139" 0.535019828448181 0.0236161440676478 0.441364027484171
"140" 0.459484349526468 0.0244161941751348 0.516099456298398
"141" 0.389850904191057 0.0245084446341303 0.585640651174813
"142" 0.0316215711118441 0.0198517783572077 0.948526650530948
"143" 0.885646404291379 0.00936614465278349 0.104987451055838
"144" 0.737016910254256 0.0174301779770669 0.245552911768677
"145" 0.0864783260220525 0.122347224136355 0.791174449841593
"146" 0.0699037375320326 0.0754094129540236 0.854686849513944
"147" 0.98260477117249 0.00233592796233368 0.0150593008651761
"148" 0.235138452992698 0.0219627365125898 0.742898810494712
"149" 0.115049030261068 0.0153573215534307 0.869593648185501
"150" 0.728143046211293 0.0180185166294104 0.253838437159297
"151" 0.929651941569467 0.00653386060702713 0.0638141978235061
"152" 0.975993747348324 0.00246222281012003 0.0215440298415559
"153" 0.98379972766458 0.00209552875820217 0.0141047435772175
"154" 0.0419160288648532 0.00779696930823565 0.950287001826911
"155" 0.153574423398785 0.0179000608424737 0.828525515758742
"156" 0.00171505048432377 0.000582987623572925 0.997701961892103
"157" 0.983243323370892 0.00172060975258646 0.0150360668765215
"158" 0.0983680224988512 0.182170437325071 0.719461540176078
"159" 0.0805618350278075 0.0123410702108278 0.907097094761365
"160" 0.262746947308872 0.0227736846162558 0.714479368074873
"161" 0.886048649809057 0.009367049912483 0.10458430027846
"162" 0.0318365982337367 0.00632810253431294 0.96183529923195
"163" 0.601165862151436 0.0221510682696261 0.376683069578938
"164" 0.0411248581366316 0.00766953372332529 0.951205608140043
"165" 0.292489254343361 0.0234431855184234 0.684067560138216
"166" 0.88604012525663 0.00936854723652072 0.104591327506849
"167" 0.0132329108671945 0.00317443427324028 0.983592654859565
"168" 0.0278827187784942 0.00587471134667197 0.966242569874834
"169" 0.00928979214735286 0.00420432826403502 0.986505879588612
"170" 0.202876997404093 0.0206628436125552 0.776460158983352
"171" 0.920630333735408 0.00691439155814288 0.072455274706449
"172" 0.99217874245032 0.000843173956957803 0.00697808359272227
"173" 0.0817234799165634 0.0124879882161475 0.905788531867289
"174" 0.00498658578111259 0.00201245990922964 0.993000954309658
"175" 0.00908944928742216 0.00410996970679233 0.986800581005785
"176" 0.074643305001821 0.0852416718804888 0.84011502311769
"177" 0.077961749858442 0.0939369477073087 0.828101302434249
"178" 0.672337881881318 0.0199650398048775 0.307697078313805
